Balance,Profit,Expenditures
1000,600,400
1100,700,500
1200,800,600
1300,900,700
1400,1000,800
1500,1100,900
1600,1200,1000
1700,1300,1100
1800,1400,1200
1900,1500,1300
2000,1600,1400
2100,1700,1500
2200,1800,1600
2300,1900,1700
2400,2000,1800
2500,2100,1900
2600,2200,2000
2700,2300,2100
2800,2400,2200
2900,2500,2300
3000,2600,2400
3100,2700,2500
3200,2800,2600
3300,2900,2700
3400,3000,2800
3500,3100,2900
3600,3200,3000
3700,3300,3100
3800,3400,3200
3900,3500,3300
4000,3600,3400
4100,3700,3500
4200,3800,3600
4300,3900,3700
4400,4000,3800
4500,4100,3900
4600,4200,4000
4700,4300,4100
4800,4400,4200
4900,4500,4300
5000,4600,4400
5100,4700,4500
5200,4800,4600
5300,4900,4700
5400,5000,4800
5500,5100,4900
5600,5200,5000
5700,5300,5100
5800,5400,5200
5900,5500,5300
6000,5600,5400
6100,5700,5500
6200,5800,5600
6300,5900,5700
6400,6000,5800
6500,6100,5900
6600,6200,6000
6700,6300,6100
6800,6400,6200
6900,6500,6300
7000,6600,6400
7100,6700,6500
7200,6800,6600
7300,6900,6700
7400,7000,6800
7500,7100,6900
7600,7200,7000
7700,7300,7100
7800,7400,7200
7900,7500,7300
8000,7600,7400
8100,7700,7500
8200,7800,7600
8300,7900,7700
8400,8000,7800
8500,8100,7900
8600,8200,8000
8700,8300,8100
8800,8400,8200
8900,8500,8300
9000,8600,8400
9100,8700,8500
9200,8800,8600
9300,8900,8700
9400,9000,8800
9500,9100,8900
9600,9200,9000
9700,9300,9100
9800,9400,9200
9900,9500,9300
10000,9600,9400
10100,9700,9500
10200,9800,9600
10300,9900,9700
10400,10000,9800
10500,10100,9900
10600,10200,10000
10700,10300,10100
10800,10400,10200
10900,10500,10300
