Balance,Profit,Expenditures
1000,600,400
1050,625,410
1030,615,420
1085,630,415
1100,640,430
1155,660,440
1130,650,450
1180,675,435
1205,685,460
1220,690,455
1240,705,460
1265,720,470
1300,740,475
1280,735,480
1325,750,485
1350,765,490
1370,780,495
1400,800,500
1385,790,510
1420,810,520
1450,825,525
1430,815,530
1480,840,535
1500,855,540
1530,875,550
1550,885,555
1570,895,560
1600,900,565
1620,915,570
1590,905,580
1630,930,585
1650,940,590
1680,950,600
1700,960,605
1670,940,610
1730,965,615
1750,975,620
1780,985,625
1800,990,630
1825,1000,635
1850,1020,640
1830,1015,650
1880,1035,655
1900,1045,660
1930,1060,665
1950,1075,670
1920,1060,680
1970,1085,685
2000,1100,690
2020,1115,700
2050,1130,705
2030,1120,710
2080,1145,715
2100,1155,720
2130,1170,725
2150,1180,730
2125,1175,740
2180,1195,745
2200,1205,750
2230,1215,755
2250,1230,760
2230,1220,765
2280,1245,770
2300,1255,775
2330,1265,780
2350,1280,785
2330,1270,790
2380,1295,795
2400,1305,800
2430,1320,805
2450,1330,810
2430,1320,815
2480,1345,820
2500,1355,825
2530,1375,830
2550,1385,835
2530,1370,840
2580,1395,845
2600,1405,850
2630,1425,855
2650,1435,860
2630,1420,865
2680,1445,870
2700,1455,875
2730,1465,880
2750,1475,885
2725,1460,890
2780,1485,895
2800,1495,900
2830,1505,905
2850,1515,910
2825,1500,915
2880,1525,920
2900,1535,925
2930,1545,930
2950,1555,935
2930,1540,940
2980,1565,945
3000,1575,950
3030,1585,955
3050,1595,960
