Balance,Profit,Expenditures
1000,600,400
1020,610,410
1005,615,420
1035,620,430
1020,630,440
1015,625,435
1025,635,445
1030,640,460
1025,630,455
1040,645,460
1035,640,470
1045,650,465
1035,645,470
1040,655,460
1055,660,475
1050,665,480
1065,670,475
1070,675,485
1060,660,490
1075,680,485
1070,685,500
1080,690,495
1090,695,510
1085,700,505
1095,710,500
1100,705,515
1110,710,520
1115,715,525
1105,710,530
1120,725,535
1130,720,545
1125,725,540
1135,735,550
1130,730,545
1145,740,550
1140,735,555
1150,745,565
1160,750,560
1165,760,570
1155,755,565
1175,765,570
1170,760,575
1180,770,580
1185,775,585
1195,780,590
1190,775,600
1205,790,595
1200,785,610
1210,795,600
1215,800,615
1225,805,620
1215,800,625
1230,810,630
1220,805,625
1240,815,635
1235,810,640
1245,820,640
1240,815,645
1250,825,650
1260,830,655
1255,825,660
1270,835,670
1265,830,675
1275,840,685
1280,845,690
1270,835,685
1285,850,700
1280,845,705
1295,855,710
1290,850,715
1300,860,725
1295,855,720
1310,870,730
1305,865,725
1315,875,735
1320,880,740
1325,885,750
1320,880,745
1330,890,755
1335,895,760
1340,900,765
1330,885,765
1345,910,770
1340,905,770
1350,915,780
1355,920,785
1350,910,790
1360,925,795
1365,930,800
1375,940,805
1370,935,810
1380,945,815
1375,940,820
1385,950,825
1395,955,830
1390,950,835
1400,960,840
1395,955,845
1410,965,850
1415,970,860
1425,975,855
1420,970,860
1430,980,865
1425,975,870
1440,985,875
1435,980,880
1445,995,885
1440,990,890
1455,1000,895
1450,995,900
1460,1010,905
1465,1015,910
1475,1020,915
1465,1010,920
1480,1025,925
1470,1015,930
1485,1030,940
1480,1025,935
1495,1035,945
1490,1030,940
1500,1040,950
1495,1035,955
1515,1045,960
1510,1040,965
1520,1050,970
1510,1040,975
1525,1055,980
1520,1050,985
1530,1060,990
1535,1065,1000
1540,1070,995
1530,1060,1005
1545,1075,1010
1540,1070,1015
1550,1080,1020
1555,1085,1025
1560,1090,1030
1550,1080,1035
1565,1095,1040
1570,1100,1045
1575,1105,1050
1570,1100,1055
1580,1110,1060
1585,1115,1065
1595,1120,1070
1590,1115,1075
1605,1125,1080
1600,1120,1085
1610,1130,1090
1605,1125,1095
1615,1135,1100
1610,1130,1105
1620,1140,1110
1615,1135,1115
1630,1145,1120
1625,1140,1125
1635,1150,1130
1630,1145,1135
1645,1155,1140
1640,1150,1145
1650,1160,1150
1645,1155,1155
1655,1165,1160
1650,1160,1165
1660,1170,1170
1655,1165,1175
1665,1175,1180
1660,1170,1185
1675,1180,1190
1670,1175,1195
1680,1185,1200
1675,1180,1205
1690,1190,1210
1685,1185,1215
1695,1195,1220
1690,1190,1225
1700,1200,1230
1695,1195,1235
1710,1205,1240
1705,1200,1245
1715,1210,1250
1710,1205,1255
1725,1215,1260
1720,1210,1265
1730,1220,1270
1725,1215,1275
1735,1225,1280
1730,1220,1285
1740,1230,1290
1735,1225,1295
1750,1235,1300
1745,1230,1305
1755,1240,1310
1750,1235,1315
1765,1245,1320
1760,1240,1325
1770,1250,1330
1765,1245,1335
1775,1255,1340
1770,1250,1345
1780,1260,1350
1775,1255,1355
1790,1265,1360
1785,1260,1365
1795,1270,1370
1790,1265,1375
1800,1275,1380
1795,1270,1385
